{
 "cells": [
  {
   "cell_type": "markdown",
   "id": "fc4f65e3-c9fd-4a33-8279-4a895ae590e5",
   "metadata": {},
   "source": [
    "# Script to be executed around 9:30 AM"
   ]
  },
  {
   "cell_type": "code",
   "execution_count": 29,
   "id": "976209bc-ed10-4eff-ad0f-ba521704d6a2",
   "metadata": {},
   "outputs": [],
   "source": [
    "import pandas as pd\n",
    "from common.data_retreival import fetch_data_for_prep\n",
    "from common.calculations import (\n",
    "    calculate_daily_average_volume,\n",
    "    calculate_daily_atr,\n",
    "    calculate_log_returns,\n",
    "    get_avg_daily_return,\n",
    "    calculate_statistics,\n",
    ")\n",
    "from common.recommendations import get_symbols_to_trade, get_results_recommendations\n",
    "from common.plotting import plot_correlation_matrix\n",
    "\n",
    "ref_symbol = \"VOO\""
   ]
  },
  {
   "cell_type": "code",
   "execution_count": 30,
   "id": "8a6e5a05-d7b2-4ab5-9eb0-5970e731b1ff",
   "metadata": {},
   "outputs": [],
   "source": [
    "days_to_analyze = 5\n",
    "granularity = \"15m\"\n",
    "symbols = [\n",
    "    #'VXUS', #International Found 0.08\n",
    "    \"SCHH\",  # REIT 0.07\n",
    "    \"QQQM\",  # NASDAQ 0.15\n",
    "    \"VXUS\",  # International 0.08\n",
    "    \"XLP\",  # Consumer Staples 0.09\n",
    "    \"XLV\",  # Health Care 0.09\n",
    "    \"VUG\",  # Growth 0.04\n",
    "    \"VIG\",  # Dividend 0.06\n",
    "    \"IJR\",  # Small Caps 0.06\n",
    "    \"XLI\",  # Industrial 0.09\n",
    "    \"XLU\",  # Utilities 0.09\n",
    "    \"XLC\",  # Communication 0.09\n",
    "    \"AMZN\",\n",
    "    \"HEI\",\n",
    "    \"ULTA\",\n",
    "    \"SOFI\",\n",
    "    \"GOOGL\",\n",
    "    \"WMT\",\n",
    "    \"COST\",\n",
    "    \"CMG\",\n",
    "    ref_symbol,  # SP500 0.03\n",
    "]"
   ]
  },
  {
   "cell_type": "code",
   "execution_count": 31,
   "id": "542fe480-697c-4c0c-aa8f-6549612fbac8",
   "metadata": {},
   "outputs": [
    {
     "name": "stderr",
     "output_type": "stream",
     "text": [
      "[*********************100%%**********************]  20 of 20 completed\n"
     ]
    },
    {
     "name": "stdout",
     "output_type": "stream",
     "text": [
      "Getting data from 2024-09-13 11:51:00 to 2024-09-18 09:50:00\n"
     ]
    }
   ],
   "source": [
    "data = fetch_data_for_prep(symbols, days_to_analyze, granularity)\n",
    "prices = data[\"Adj Close\"]\n",
    "volume = data[\"Volume\"]\n",
    "log_returns = calculate_log_returns(prices)\n",
    "correlation, volatility, avg_return = calculate_statistics(log_returns)\n",
    "avg_daily_return = get_avg_daily_return(avg_return, granularity)\n",
    "avg_volume = {\n",
    "    symbol: calculate_daily_average_volume(data.xs(symbol, level=1, axis=1)) for symbol in symbols\n",
    "}\n",
    "atr = {symbol: calculate_daily_atr(data.xs(symbol, level=1, axis=1)) for symbol in symbols}"
   ]
  },
  {
   "cell_type": "code",
   "execution_count": 33,
   "id": "d69686a3-7176-435e-b025-cd2498cfc0b7",
   "metadata": {},
   "outputs": [
    {
     "data": {
      "application/vnd.plotly.v1+json": {
       "config": {
        "plotlyServerURL": "https://plot.ly"
       },
       "data": [
        {
         "coloraxis": "coloraxis",
         "hovertemplate": "Ticker: %{x}<br>Ticker: %{y}<br>Correlation Coefficient: %{z}<extra></extra>",
         "name": "0",
         "type": "heatmap",
         "x": [
          "SCHH",
          "QQQM",
          "VXUS",
          "XLP",
          "XLV",
          "VUG",
          "VIG",
          "IJR",
          "XLI",
          "XLU",
          "XLC",
          "AMZN",
          "HEI",
          "ULTA",
          "SOFI",
          "GOOGL",
          "WMT",
          "COST",
          "CMG",
          "VOO"
         ],
         "xaxis": "x",
         "y": [
          "SCHH",
          "QQQM",
          "VXUS",
          "XLP",
          "XLV",
          "VUG",
          "VIG",
          "IJR",
          "XLI",
          "XLU",
          "XLC",
          "AMZN",
          "HEI",
          "ULTA",
          "SOFI",
          "GOOGL",
          "WMT",
          "COST",
          "CMG",
          "VOO"
         ],
         "yaxis": "y",
         "z": [
          [
           1,
           0.23295107359122685,
           -0.053827101095989635,
           0.6464741366978737,
           -0.2002549502873112,
           0.3638294167823678,
           0.7407260508865118,
           0.0682394360387148,
           0.4021879189174298,
           -0.019023230064750908,
           0.2334630306407203,
           0.6821876107611928,
           0.7663611965100426,
           0.20535560697647665,
           -0.32119830945840366,
           0.6567305539705908,
           0.09403307076214672,
           -0.2925203589436588,
           -0.17129906467647896,
           -0.12351227474217656
          ],
          [
           0.23295107359122685,
           1,
           0.14871092549435616,
           0.13839120692858906,
           -0.10514135294490182,
           0.1471564682806733,
           -0.059622124528861745,
           0.22769870986749272,
           0.010596150914595218,
           0.5168210686325222,
           0.4449042216419757,
           0.2377209414578588,
           0.02896865911756996,
           0.4788570757556356,
           -0.06567630347431334,
           0.4402558400854462,
           0.3710400837457312,
           0.2591465364982132,
           0.10086122815361008,
           0.48220162807032774
          ],
          [
           -0.053827101095989635,
           0.14871092549435616,
           1,
           0.07689935175458498,
           0.3802426807152337,
           0.33387408788095,
           0.10258993820420552,
           0.1653054041999504,
           0.18514160457808487,
           0.30040629120815104,
           0.5547240174275412,
           0.2865102291316493,
           0.08959136842628299,
           0.5322167716811028,
           0.4918780442387797,
           0.2817085262534916,
           0.5129142618722276,
           0.6632647312482665,
           0.4044121704261012,
           0.37741000954115783
          ],
          [
           0.6464741366978737,
           0.13839120692858906,
           0.07689935175458498,
           1,
           -0.01674008302847054,
           0.4171762226110196,
           0.6337715806979028,
           0.09633992891133245,
           0.2949860297925034,
           0.1084667916756815,
           0.29940132448777695,
           0.6441205606806801,
           0.6676631738796368,
           0.35233604602038887,
           -0.19172284594698527,
           0.7515365509931593,
           0.2436500010687383,
           -0.10763584197022837,
           0.024740888992120447,
           -0.029789854110243503
          ],
          [
           -0.2002549502873112,
           -0.10514135294490182,
           0.3802426807152337,
           -0.01674008302847054,
           1,
           0.4638026776812622,
           0.09537714698741992,
           0.3813641818381021,
           0.19341384537398687,
           0.21640343432188572,
           0.42610500798613554,
           0.26383536967555316,
           0.08775120646581644,
           0.4362360271091995,
           0.38531768944536215,
           0.03337162602368788,
           0.5703294090980163,
           0.4032857554470776,
           0.5225255821286228,
           0.32422128926366595
          ],
          [
           0.3638294167823678,
           0.1471564682806733,
           0.33387408788095,
           0.4171762226110196,
           0.4638026776812622,
           1,
           0.5055396819526586,
           0.5023551653314176,
           0.5128194939264707,
           0.3751101134819365,
           0.7234060689381746,
           0.7531596355091972,
           0.49774879989411974,
           0.6278980906529456,
           0.12384966946688786,
           0.5648667961308623,
           0.7541648744400792,
           0.3838209560629894,
           0.5083571244303166,
           0.31596750314837857
          ],
          [
           0.7407260508865118,
           -0.059622124528861745,
           0.10258993820420552,
           0.6337715806979028,
           0.09537714698741992,
           0.5055396819526586,
           1,
           0.15818996100882649,
           0.5104838326667933,
           -0.16287689995449997,
           0.3576830940044232,
           0.8594234091774131,
           0.9774648352382416,
           0.3279131691789677,
           -0.10105578741529118,
           0.6056127434408395,
           0.20880058584742503,
           -0.1977644594721184,
           -0.01557097646977847,
           -0.07308310646646908
          ],
          [
           0.0682394360387148,
           0.22769870986749272,
           0.1653054041999504,
           0.09633992891133245,
           0.3813641818381021,
           0.5023551653314176,
           0.15818996100882649,
           1,
           0.2842901661432942,
           0.2819861749187204,
           0.591847433731311,
           0.4152777762222432,
           0.14965134539529548,
           0.5482716522601793,
           0.3344426094634408,
           0.2495123604474618,
           0.5492926028785605,
           0.47265820634564926,
           0.5728335201241638,
           0.485347530378285
          ],
          [
           0.4021879189174298,
           0.010596150914595218,
           0.18514160457808487,
           0.2949860297925034,
           0.19341384537398687,
           0.5128194939264707,
           0.5104838326667933,
           0.2842901661432942,
           1,
           0.08282121603502822,
           0.3751765120911497,
           0.5404331471036651,
           0.4921507277497314,
           0.3527137754684078,
           -0.002664468976198478,
           0.36420253216390974,
           0.2639561944340268,
           0.1298250870317945,
           0.2093821321078798,
           0.06005810305723488
          ],
          [
           -0.019023230064750908,
           0.5168210686325222,
           0.30040629120815104,
           0.1084667916756815,
           0.21640343432188572,
           0.3751101134819365,
           -0.16287689995449997,
           0.2819861749187204,
           0.08282121603502822,
           1,
           0.48815379791017666,
           0.1837787829453248,
           -0.11425341306371332,
           0.475358228953474,
           0.055349737712299785,
           0.3896366006757523,
           0.6304310235678146,
           0.5283726761190942,
           0.2677754224145324,
           0.3553713456487287
          ],
          [
           0.2334630306407203,
           0.4449042216419757,
           0.5547240174275412,
           0.29940132448777695,
           0.42610500798613554,
           0.7234060689381746,
           0.3576830940044232,
           0.591847433731311,
           0.3751765120911497,
           0.48815379791017666,
           1,
           0.7447284978133479,
           0.3535987799522127,
           0.8803510275376122,
           0.3790103966597808,
           0.6015799746711809,
           0.8671319204815294,
           0.6914309118831686,
           0.6225271461314468,
           0.761401561697483
          ],
          [
           0.6821876107611928,
           0.2377209414578588,
           0.2865102291316493,
           0.6441205606806801,
           0.26383536967555316,
           0.7531596355091972,
           0.8594234091774131,
           0.4152777762222432,
           0.5404331471036651,
           0.1837787829453248,
           0.7447284978133479,
           1,
           0.863858158943018,
           0.6832435911131517,
           0.07095987129645182,
           0.7831282337315476,
           0.6083474978056949,
           0.19612463065826533,
           0.3138859121596983,
           0.31777613154835965
          ],
          [
           0.7663611965100426,
           0.02896865911756996,
           0.08959136842628299,
           0.6676631738796368,
           0.08775120646581644,
           0.49774879989411974,
           0.9774648352382416,
           0.14965134539529548,
           0.4921507277497314,
           -0.11425341306371332,
           0.3535987799522127,
           0.863858158943018,
           1,
           0.33895390467502934,
           -0.12774322845811065,
           0.6517145704168849,
           0.2262721522268234,
           -0.2125072598701371,
           -0.02470016548509968,
           -0.08095919502732017
          ],
          [
           0.20535560697647665,
           0.4788570757556356,
           0.5322167716811028,
           0.35233604602038887,
           0.4362360271091995,
           0.6278980906529456,
           0.3279131691789677,
           0.5482716522601793,
           0.3527137754684078,
           0.475358228953474,
           0.8803510275376122,
           0.6832435911131517,
           0.33895390467502934,
           1,
           0.3458018931125351,
           0.5953686073940275,
           0.7756728848087242,
           0.6408659212480843,
           0.5214767901503733,
           0.6986957237531761
          ],
          [
           -0.32119830945840366,
           -0.06567630347431334,
           0.4918780442387797,
           -0.19172284594698527,
           0.38531768944536215,
           0.12384966946688786,
           -0.10105578741529118,
           0.3344426094634408,
           -0.002664468976198478,
           0.055349737712299785,
           0.3790103966597808,
           0.07095987129645182,
           -0.12774322845811065,
           0.3458018931125351,
           1,
           -0.06687908675318652,
           0.26569962541759234,
           0.6650763637475987,
           0.4805031380593753,
           0.476875980900299
          ],
          [
           0.6567305539705908,
           0.4402558400854462,
           0.2817085262534916,
           0.7515365509931593,
           0.03337162602368788,
           0.5648667961308623,
           0.6056127434408395,
           0.2495123604474618,
           0.36420253216390974,
           0.3896366006757523,
           0.6015799746711809,
           0.7831282337315476,
           0.6517145704168849,
           0.5953686073940275,
           -0.06687908675318652,
           1,
           0.5227147978103164,
           0.20919432991139775,
           0.18029376380030523,
           0.1973788540057668
          ],
          [
           0.09403307076214672,
           0.3710400837457312,
           0.5129142618722276,
           0.2436500010687383,
           0.5703294090980163,
           0.7541648744400792,
           0.20880058584742503,
           0.5492926028785605,
           0.2639561944340268,
           0.6304310235678146,
           0.8671319204815294,
           0.6083474978056949,
           0.2262721522268234,
           0.7756728848087242,
           0.26569962541759234,
           0.5227147978103164,
           1,
           0.6776299513126306,
           0.6266884360815793,
           0.6126773929519053
          ],
          [
           -0.2925203589436588,
           0.2591465364982132,
           0.6632647312482665,
           -0.10763584197022837,
           0.4032857554470776,
           0.3838209560629894,
           -0.1977644594721184,
           0.47265820634564926,
           0.1298250870317945,
           0.5283726761190942,
           0.6914309118831686,
           0.19612463065826533,
           -0.2125072598701371,
           0.6408659212480843,
           0.6650763637475987,
           0.20919432991139775,
           0.6776299513126306,
           1,
           0.6616305096707938,
           0.6724227699961516
          ],
          [
           -0.17129906467647896,
           0.10086122815361008,
           0.4044121704261012,
           0.024740888992120447,
           0.5225255821286228,
           0.5083571244303166,
           -0.01557097646977847,
           0.5728335201241638,
           0.2093821321078798,
           0.2677754224145324,
           0.6225271461314468,
           0.3138859121596983,
           -0.02470016548509968,
           0.5214767901503733,
           0.4805031380593753,
           0.18029376380030523,
           0.6266884360815793,
           0.6616305096707938,
           1,
           0.46497566295107734
          ],
          [
           -0.12351227474217656,
           0.48220162807032774,
           0.37741000954115783,
           -0.029789854110243503,
           0.32422128926366595,
           0.31596750314837857,
           -0.07308310646646908,
           0.485347530378285,
           0.06005810305723488,
           0.3553713456487287,
           0.761401561697483,
           0.31777613154835965,
           -0.08095919502732017,
           0.6986957237531761,
           0.476875980900299,
           0.1973788540057668,
           0.6126773929519053,
           0.6724227699961516,
           0.46497566295107734,
           1
          ]
         ]
        }
       ],
       "layout": {
        "coloraxis": {
         "colorbar": {
          "title": {
           "text": "Correlation Coefficient"
          }
         },
         "colorscale": [
          [
           0,
           "#440154"
          ],
          [
           0.1111111111111111,
           "#482878"
          ],
          [
           0.2222222222222222,
           "#3e4989"
          ],
          [
           0.3333333333333333,
           "#31688e"
          ],
          [
           0.4444444444444444,
           "#26828e"
          ],
          [
           0.5555555555555556,
           "#1f9e89"
          ],
          [
           0.6666666666666666,
           "#35b779"
          ],
          [
           0.7777777777777778,
           "#6ece58"
          ],
          [
           0.8888888888888888,
           "#b5de2b"
          ],
          [
           1,
           "#fde725"
          ]
         ]
        },
        "height": 700,
        "template": {
         "data": {
          "bar": [
           {
            "error_x": {
             "color": "#2a3f5f"
            },
            "error_y": {
             "color": "#2a3f5f"
            },
            "marker": {
             "line": {
              "color": "#E5ECF6",
              "width": 0.5
             },
             "pattern": {
              "fillmode": "overlay",
              "size": 10,
              "solidity": 0.2
             }
            },
            "type": "bar"
           }
          ],
          "barpolar": [
           {
            "marker": {
             "line": {
              "color": "#E5ECF6",
              "width": 0.5
             },
             "pattern": {
              "fillmode": "overlay",
              "size": 10,
              "solidity": 0.2
             }
            },
            "type": "barpolar"
           }
          ],
          "carpet": [
           {
            "aaxis": {
             "endlinecolor": "#2a3f5f",
             "gridcolor": "white",
             "linecolor": "white",
             "minorgridcolor": "white",
             "startlinecolor": "#2a3f5f"
            },
            "baxis": {
             "endlinecolor": "#2a3f5f",
             "gridcolor": "white",
             "linecolor": "white",
             "minorgridcolor": "white",
             "startlinecolor": "#2a3f5f"
            },
            "type": "carpet"
           }
          ],
          "choropleth": [
           {
            "colorbar": {
             "outlinewidth": 0,
             "ticks": ""
            },
            "type": "choropleth"
           }
          ],
          "contour": [
           {
            "colorbar": {
             "outlinewidth": 0,
             "ticks": ""
            },
            "colorscale": [
             [
              0,
              "#0d0887"
             ],
             [
              0.1111111111111111,
              "#46039f"
             ],
             [
              0.2222222222222222,
              "#7201a8"
             ],
             [
              0.3333333333333333,
              "#9c179e"
             ],
             [
              0.4444444444444444,
              "#bd3786"
             ],
             [
              0.5555555555555556,
              "#d8576b"
             ],
             [
              0.6666666666666666,
              "#ed7953"
             ],
             [
              0.7777777777777778,
              "#fb9f3a"
             ],
             [
              0.8888888888888888,
              "#fdca26"
             ],
             [
              1,
              "#f0f921"
             ]
            ],
            "type": "contour"
           }
          ],
          "contourcarpet": [
           {
            "colorbar": {
             "outlinewidth": 0,
             "ticks": ""
            },
            "type": "contourcarpet"
           }
          ],
          "heatmap": [
           {
            "colorbar": {
             "outlinewidth": 0,
             "ticks": ""
            },
            "colorscale": [
             [
              0,
              "#0d0887"
             ],
             [
              0.1111111111111111,
              "#46039f"
             ],
             [
              0.2222222222222222,
              "#7201a8"
             ],
             [
              0.3333333333333333,
              "#9c179e"
             ],
             [
              0.4444444444444444,
              "#bd3786"
             ],
             [
              0.5555555555555556,
              "#d8576b"
             ],
             [
              0.6666666666666666,
              "#ed7953"
             ],
             [
              0.7777777777777778,
              "#fb9f3a"
             ],
             [
              0.8888888888888888,
              "#fdca26"
             ],
             [
              1,
              "#f0f921"
             ]
            ],
            "type": "heatmap"
           }
          ],
          "heatmapgl": [
           {
            "colorbar": {
             "outlinewidth": 0,
             "ticks": ""
            },
            "colorscale": [
             [
              0,
              "#0d0887"
             ],
             [
              0.1111111111111111,
              "#46039f"
             ],
             [
              0.2222222222222222,
              "#7201a8"
             ],
             [
              0.3333333333333333,
              "#9c179e"
             ],
             [
              0.4444444444444444,
              "#bd3786"
             ],
             [
              0.5555555555555556,
              "#d8576b"
             ],
             [
              0.6666666666666666,
              "#ed7953"
             ],
             [
              0.7777777777777778,
              "#fb9f3a"
             ],
             [
              0.8888888888888888,
              "#fdca26"
             ],
             [
              1,
              "#f0f921"
             ]
            ],
            "type": "heatmapgl"
           }
          ],
          "histogram": [
           {
            "marker": {
             "pattern": {
              "fillmode": "overlay",
              "size": 10,
              "solidity": 0.2
             }
            },
            "type": "histogram"
           }
          ],
          "histogram2d": [
           {
            "colorbar": {
             "outlinewidth": 0,
             "ticks": ""
            },
            "colorscale": [
             [
              0,
              "#0d0887"
             ],
             [
              0.1111111111111111,
              "#46039f"
             ],
             [
              0.2222222222222222,
              "#7201a8"
             ],
             [
              0.3333333333333333,
              "#9c179e"
             ],
             [
              0.4444444444444444,
              "#bd3786"
             ],
             [
              0.5555555555555556,
              "#d8576b"
             ],
             [
              0.6666666666666666,
              "#ed7953"
             ],
             [
              0.7777777777777778,
              "#fb9f3a"
             ],
             [
              0.8888888888888888,
              "#fdca26"
             ],
             [
              1,
              "#f0f921"
             ]
            ],
            "type": "histogram2d"
           }
          ],
          "histogram2dcontour": [
           {
            "colorbar": {
             "outlinewidth": 0,
             "ticks": ""
            },
            "colorscale": [
             [
              0,
              "#0d0887"
             ],
             [
              0.1111111111111111,
              "#46039f"
             ],
             [
              0.2222222222222222,
              "#7201a8"
             ],
             [
              0.3333333333333333,
              "#9c179e"
             ],
             [
              0.4444444444444444,
              "#bd3786"
             ],
             [
              0.5555555555555556,
              "#d8576b"
             ],
             [
              0.6666666666666666,
              "#ed7953"
             ],
             [
              0.7777777777777778,
              "#fb9f3a"
             ],
             [
              0.8888888888888888,
              "#fdca26"
             ],
             [
              1,
              "#f0f921"
             ]
            ],
            "type": "histogram2dcontour"
           }
          ],
          "mesh3d": [
           {
            "colorbar": {
             "outlinewidth": 0,
             "ticks": ""
            },
            "type": "mesh3d"
           }
          ],
          "parcoords": [
           {
            "line": {
             "colorbar": {
              "outlinewidth": 0,
              "ticks": ""
             }
            },
            "type": "parcoords"
           }
          ],
          "pie": [
           {
            "automargin": true,
            "type": "pie"
           }
          ],
          "scatter": [
           {
            "fillpattern": {
             "fillmode": "overlay",
             "size": 10,
             "solidity": 0.2
            },
            "type": "scatter"
           }
          ],
          "scatter3d": [
           {
            "line": {
             "colorbar": {
              "outlinewidth": 0,
              "ticks": ""
             }
            },
            "marker": {
             "colorbar": {
              "outlinewidth": 0,
              "ticks": ""
             }
            },
            "type": "scatter3d"
           }
          ],
          "scattercarpet": [
           {
            "marker": {
             "colorbar": {
              "outlinewidth": 0,
              "ticks": ""
             }
            },
            "type": "scattercarpet"
           }
          ],
          "scattergeo": [
           {
            "marker": {
             "colorbar": {
              "outlinewidth": 0,
              "ticks": ""
             }
            },
            "type": "scattergeo"
           }
          ],
          "scattergl": [
           {
            "marker": {
             "colorbar": {
              "outlinewidth": 0,
              "ticks": ""
             }
            },
            "type": "scattergl"
           }
          ],
          "scattermapbox": [
           {
            "marker": {
             "colorbar": {
              "outlinewidth": 0,
              "ticks": ""
             }
            },
            "type": "scattermapbox"
           }
          ],
          "scatterpolar": [
           {
            "marker": {
             "colorbar": {
              "outlinewidth": 0,
              "ticks": ""
             }
            },
            "type": "scatterpolar"
           }
          ],
          "scatterpolargl": [
           {
            "marker": {
             "colorbar": {
              "outlinewidth": 0,
              "ticks": ""
             }
            },
            "type": "scatterpolargl"
           }
          ],
          "scatterternary": [
           {
            "marker": {
             "colorbar": {
              "outlinewidth": 0,
              "ticks": ""
             }
            },
            "type": "scatterternary"
           }
          ],
          "surface": [
           {
            "colorbar": {
             "outlinewidth": 0,
             "ticks": ""
            },
            "colorscale": [
             [
              0,
              "#0d0887"
             ],
             [
              0.1111111111111111,
              "#46039f"
             ],
             [
              0.2222222222222222,
              "#7201a8"
             ],
             [
              0.3333333333333333,
              "#9c179e"
             ],
             [
              0.4444444444444444,
              "#bd3786"
             ],
             [
              0.5555555555555556,
              "#d8576b"
             ],
             [
              0.6666666666666666,
              "#ed7953"
             ],
             [
              0.7777777777777778,
              "#fb9f3a"
             ],
             [
              0.8888888888888888,
              "#fdca26"
             ],
             [
              1,
              "#f0f921"
             ]
            ],
            "type": "surface"
           }
          ],
          "table": [
           {
            "cells": {
             "fill": {
              "color": "#EBF0F8"
             },
             "line": {
              "color": "white"
             }
            },
            "header": {
             "fill": {
              "color": "#C8D4E3"
             },
             "line": {
              "color": "white"
             }
            },
            "type": "table"
           }
          ]
         },
         "layout": {
          "annotationdefaults": {
           "arrowcolor": "#2a3f5f",
           "arrowhead": 0,
           "arrowwidth": 1
          },
          "autotypenumbers": "strict",
          "coloraxis": {
           "colorbar": {
            "outlinewidth": 0,
            "ticks": ""
           }
          },
          "colorscale": {
           "diverging": [
            [
             0,
             "#8e0152"
            ],
            [
             0.1,
             "#c51b7d"
            ],
            [
             0.2,
             "#de77ae"
            ],
            [
             0.3,
             "#f1b6da"
            ],
            [
             0.4,
             "#fde0ef"
            ],
            [
             0.5,
             "#f7f7f7"
            ],
            [
             0.6,
             "#e6f5d0"
            ],
            [
             0.7,
             "#b8e186"
            ],
            [
             0.8,
             "#7fbc41"
            ],
            [
             0.9,
             "#4d9221"
            ],
            [
             1,
             "#276419"
            ]
           ],
           "sequential": [
            [
             0,
             "#0d0887"
            ],
            [
             0.1111111111111111,
             "#46039f"
            ],
            [
             0.2222222222222222,
             "#7201a8"
            ],
            [
             0.3333333333333333,
             "#9c179e"
            ],
            [
             0.4444444444444444,
             "#bd3786"
            ],
            [
             0.5555555555555556,
             "#d8576b"
            ],
            [
             0.6666666666666666,
             "#ed7953"
            ],
            [
             0.7777777777777778,
             "#fb9f3a"
            ],
            [
             0.8888888888888888,
             "#fdca26"
            ],
            [
             1,
             "#f0f921"
            ]
           ],
           "sequentialminus": [
            [
             0,
             "#0d0887"
            ],
            [
             0.1111111111111111,
             "#46039f"
            ],
            [
             0.2222222222222222,
             "#7201a8"
            ],
            [
             0.3333333333333333,
             "#9c179e"
            ],
            [
             0.4444444444444444,
             "#bd3786"
            ],
            [
             0.5555555555555556,
             "#d8576b"
            ],
            [
             0.6666666666666666,
             "#ed7953"
            ],
            [
             0.7777777777777778,
             "#fb9f3a"
            ],
            [
             0.8888888888888888,
             "#fdca26"
            ],
            [
             1,
             "#f0f921"
            ]
           ]
          },
          "colorway": [
           "#636efa",
           "#EF553B",
           "#00cc96",
           "#ab63fa",
           "#FFA15A",
           "#19d3f3",
           "#FF6692",
           "#B6E880",
           "#FF97FF",
           "#FECB52"
          ],
          "font": {
           "color": "#2a3f5f"
          },
          "geo": {
           "bgcolor": "white",
           "lakecolor": "white",
           "landcolor": "#E5ECF6",
           "showlakes": true,
           "showland": true,
           "subunitcolor": "white"
          },
          "hoverlabel": {
           "align": "left"
          },
          "hovermode": "closest",
          "mapbox": {
           "style": "light"
          },
          "paper_bgcolor": "white",
          "plot_bgcolor": "#E5ECF6",
          "polar": {
           "angularaxis": {
            "gridcolor": "white",
            "linecolor": "white",
            "ticks": ""
           },
           "bgcolor": "#E5ECF6",
           "radialaxis": {
            "gridcolor": "white",
            "linecolor": "white",
            "ticks": ""
           }
          },
          "scene": {
           "xaxis": {
            "backgroundcolor": "#E5ECF6",
            "gridcolor": "white",
            "gridwidth": 2,
            "linecolor": "white",
            "showbackground": true,
            "ticks": "",
            "zerolinecolor": "white"
           },
           "yaxis": {
            "backgroundcolor": "#E5ECF6",
            "gridcolor": "white",
            "gridwidth": 2,
            "linecolor": "white",
            "showbackground": true,
            "ticks": "",
            "zerolinecolor": "white"
           },
           "zaxis": {
            "backgroundcolor": "#E5ECF6",
            "gridcolor": "white",
            "gridwidth": 2,
            "linecolor": "white",
            "showbackground": true,
            "ticks": "",
            "zerolinecolor": "white"
           }
          },
          "shapedefaults": {
           "line": {
            "color": "#2a3f5f"
           }
          },
          "ternary": {
           "aaxis": {
            "gridcolor": "white",
            "linecolor": "white",
            "ticks": ""
           },
           "baxis": {
            "gridcolor": "white",
            "linecolor": "white",
            "ticks": ""
           },
           "bgcolor": "#E5ECF6",
           "caxis": {
            "gridcolor": "white",
            "linecolor": "white",
            "ticks": ""
           }
          },
          "title": {
           "x": 0.05
          },
          "xaxis": {
           "automargin": true,
           "gridcolor": "white",
           "linecolor": "white",
           "ticks": "",
           "title": {
            "standoff": 15
           },
           "zerolinecolor": "white",
           "zerolinewidth": 2
          },
          "yaxis": {
           "automargin": true,
           "gridcolor": "white",
           "linecolor": "white",
           "ticks": "",
           "title": {
            "standoff": 15
           },
           "zerolinecolor": "white",
           "zerolinewidth": 2
          }
         }
        },
        "title": {
         "text": "Correlation Matrix"
        },
        "width": 800,
        "xaxis": {
         "anchor": "y",
         "autorange": true,
         "constrain": "domain",
         "domain": [
          0.010357815442561149,
          0.9896421845574388
         ],
         "range": [
          -0.5,
          19.5
         ],
         "scaleanchor": "y",
         "title": {
          "text": "Symbols"
         },
         "type": "category"
        },
        "yaxis": {
         "anchor": "x",
         "autorange": true,
         "constrain": "domain",
         "domain": [
          0,
          1
         ],
         "range": [
          19.5,
          -0.5
         ],
         "title": {
          "text": "Symbols"
         },
         "type": "category"
        }
       }
      },
